1 John 40.7128 -74.0060 40.7160 -74.0100 1
2 Sarah 40.7150 -74.0070 40.7180 -74.0120 2
3 Mike 40.7100 -74.0050 40.7130 -74.0080 1
4 Emma 40.7200 -74.0100 40.7210 -74.0090 3
5 Lisa 40.7050 -74.0020 40.7070 -74.0040 2
6 David 40.7120 -74.0065 40.7140 -74.0110 1
7 Olivia 40.7185 -74.0140 40.7240 -74.0055 2
8 Noah 40.7062 -74.0085 40.7115 -74.0150 1
9 Ava 40.7005 -74.0030 40.7090 -74.0065 3
10 Liam 40.7250 -74.0025 40.7190 -74.0125 2
11 Mia 40.7135 -74.0170 40.7180 -74.0185 1
12 Ethan 40.6978 -74.0102 40.7045 -74.0145 2
13 Zoe 40.7290 -74.0080 40.7330 -74.0035 1
14 Leo 40.7030 -74.0008 40.7075 -74.0095 4
